0 0.26015625 0.20078125 0.296875 0.15234375
0 0.38203125 0.2859375 0.125 0.134375
0 0.284375 0.38671875 0.16640625 0.14765625
0 0.23359375 0.5734375 0.16171875 0.159375
0 0.40859375 0.6875 0.20625 0.1328125
0 0.48671875 0.52734375 0.2 0.24140625
0 0.5484375 0.2625 0.1734375 0.15703125
0 0.65390625 0.153125 0.13359375 0.15390625
1 0.3734375 0.0609375 0.059375 0.09453125
1 0.43359375 0.4140625 0.06796875 0.0859375
1 0.5015625 0.38203125 0.06796875 0.1078125
1 0.515625 0.603125 0.07109375 0.103125
1 0.67421875 0.47734375 0.09296875 0.10859375
1 0.86953125 0.38046875 0.08203125 0.103125
1 0.79609375 0.30390625 0.0703125 0.0984375
1 0.83203125 0.23125 0.0765625 0.0828125