1 0.03984375 0.22421875 0.0796875 0.1109375
1 0.153125 0.271875 0.07890625 0.11953125
1 0.13671875 0.7859375 0.10234375 0.128125
1 0.2828125 0.4453125 0.08359375 0.1015625
1 0.4375 0.51171875 0.08046875 0.1078125
1 0.48828125 0.75703125 0.08359375 0.10703125
1 0.8203125 0.74140625 0.0828125 0.11171875
1 0.51796875 0.3703125 0.078125 0.1125
1 0.6109375 0.42890625 0.0703125 0.09453125
0 0.34375 0.31484375 0.09375 0.1875
0 0.37421875 0.21015625 0.11875 0.33984375
0 0.7796875 0.1734375 0.1 0.11875
0 0.56328125 0.3953125 0.1140625 0.209375
0 0.6484375 0.42265625 0.10078125 0.21484375
0 0.71171875 0.36328125 0.10703125 0.140625
0 0.83359375 0.51640625 0.18984375 0.27734375
0 0.88515625 0.66484375 0.18515625 0.11953125