0 0.11796875 0.6203125 0.1640625 0.19921875
0 0.13828125 0.41015625 0.20078125 0.15
0 0.1703125 0.209375 0.30078125 0.14453125
0 0.53515625 0.25703125 0.09296875 0.19296875
0 0.41875 0.6421875 0.1859375 0.11796875
0 0.36328125 0.45390625 0.1234375 0.1703125
0 0.75234375 0.51171875 0.20546875 0.21875
0 0.68046875 0.35234375 0.13359375 0.11953125
1 0.34296875 0.203125 0.0765625 0.09921875
1 0.45078125 0.40390625 0.071875 0.1109375
1 0.58984375 0.1484375 0.07578125 0.09140625
1 0.65625 0.27265625 0.0609375 0.0796875
1 0.6109375 0.6296875 0.0875 0.11328125
1 0.78203125 0.43046875 0.08203125 0.08984375
1 0.81640625 0.496875 0.0734375 0.084375
1 0.7109375 0.2453125 0.071875 0.0828125
1 0.859375 0.40859375 0.08046875 0.1109375