0 0.09453125 0.3703125 0.1890625 0.196875
0 0.1875 0.08046875 0.1703125 0.11015625
0 0.29921875 0.1765625 0.1640625 0.14296875
0 0.2703125 0.28046875 0.12421875 0.12265625
0 0.54921875 0.14453125 0.175 0.19765625
0 0.7890625 0.2546875 0.09609375 0.14296875
0 0.646875 0.49296875 0.09765625 0.2171875
0 0.8078125 0.4890625 0.1546875 0.175
1 0.33203125 0.06328125 0.07421875 0.0984375
1 0.4703125 0.2984375 0.0875 0.10546875
1 0.44609375 0.51796875 0.08515625 0.10234375
1 0.76171875 0.1234375 0.07265625 0.09453125
1 0.63984375 0.25 0.06953125 0.096875
1 0.8796875 0.38359375 0.08984375 0.096875
1 0.94453125 0.43984375 0.08125 0.084375
1 0.925 0.503125 0.08671875 0.12421875
1 0.5453125 0.73125 0.08984375 0.11875