0 0.15078125 0.16171875 0.23359375 0.2015625
0 0.41328125 0.10859375 0.21953125 0.1859375
0 0.49765625 0.2109375 0.103125 0.1546875
0 0.6578125 0.203125 0.1984375 0.1546875
0 0.79921875 0.24375 0.12890625 0.1484375
0 0.9171875 0.3578125 0.16328125 0.2671875
0 0.928125 0.46015625 0.13984375 0.178125
0 0.73515625 0.34375 0.18203125 0.13046875
0 0.878125 0.5328125 0.24296875 0.2203125
0 0.93359375 0.7046875 0.12890625 0.2125
0 0.79921875 0.9046875 0.21015625 0.16171875
0 0.4859375 0.81875 0.26953125 0.12734375
0 0.284375 0.85078125 0.16640625 0.22734375
0 0.21953125 0.32734375 0.2703125 0.18046875
0 0.39140625 0.4171875 0.1765625 0.1328125
0 0.65859375 0.4859375 0.1921875 0.2125
0 0.27109375 0.5140625 0.10390625 0.2359375
1 0.64921875 0.0515625 0.0734375 0.103125
1 0.5359375 0.1734375 0.06328125 0.1
1 0.68984375 0.23984375 0.08046875 0.09453125
1 0.79296875 0.29453125 0.0734375 0.096875
1 0.7515625 0.59921875 0.0703125 0.10859375
1 0.44375 0.58125 0.1015625 0.11640625